0.000000000000000000e+00
1.309995701557353120e+00
1.281094233199936205e+00
1.264091317304767204e+00
1.252836648946821230e+00
1.239707895270067972e+00
1.235067547536066179e+00
1.233911122727323173e+00
1.231863662221832634e+00
1.232720006195174189e+00
1.236536672848089990e+00
1.239382362630429446e+00
1.247697564623467814e+00
1.250916369923183113e+00
1.258085490843635634e+00
1.263066615928670533e+00
1.271313865641774399e+00
1.276543258363002975e+00
1.284964680582424634e+00
1.290777178218720955e+00
1.299155554852605032e+00
1.306434266364964181e+00
1.314563230323908316e+00
1.322351653463486709e+00
1.329706799884070811e+00
1.334596456036002854e+00
1.342553743956616197e+00
1.352299630156919896e+00
1.358909975629613243e+00
1.365299861939147652e+00
1.372853050109419826e+00
1.378936498540615174e+00
1.384988749180108503e+00
1.391699680216709423e+00
1.397842953252776965e+00
1.403596583975578849e+00
1.409472229536703258e+00
1.414497085403899845e+00
1.419782698396058640e+00
1.425061378918929034e+00
1.430090708138788802e+00
1.432609268910866263e+00
1.436973370207441203e+00
1.441028961304713585e+00
1.444251576922883418e+00
1.444627620359753672e+00
1.449552587410288806e+00
1.450847214320473366e+00
1.454926085503668975e+00
1.457666586619953408e+00
1.460018732392709628e+00
1.465054393147195988e+00
1.467850735747386004e+00
1.470857546249024983e+00
1.474349906663825927e+00
1.478129894094261321e+00
1.483027967086054666e+00
1.486778862001915336e+00
1.490314913251771456e+00
1.495039846742190592e+00
1.500000000000000000e+00
